1 943.0 0.0 0.9989395546129375 10.6033934252386 0.9989395546129375 942.0 0.0 942.0 0.0 0.0 0.09420942094209421
2 644.0 0.0023210276666497864 0.9961259938218463 15.509562638316224 1.3224034030485643 1704.0 272.0 1283.0 149.0 0.24706572769953053 0.08526374559277253
3 506.6666666666667 0.019758970355814823 0.9782669271283965 19.70125018572596 1.570984896552343 2389.0 600.0 1487.0 302.0 0.3775638342402679 0.07974036580128098
4 426.0 0.048369485827701404 0.9492781824595687 23.451525766807645 1.7718470727402438 3021.0 955.0 1618.0 448.0 0.4644157563720622 0.07555359469395571
5 375.6 0.08440488577788588 0.9129288666590275 26.590523892356476 1.9772353380192627 3719.0 1429.0 1715.0 575.0 0.5388545307878462 0.07435864543412117
6 329.8333333333333 0.13435818658377216 0.8626084806629306 30.247292726148377 2.162260955372927 4286.0 1891.0 1709.0 686.0 0.6012599160055996 0.0714860987708722
7 300.0 0.17052384970570306 0.826138644573569 33.32383526968879 2.322728049533928 4884.0 2306.0 1736.0 842.0 0.6445536445536445 0.06970170242219001
8 282.125 0.20487990966099212 0.7915720802984059 35.37626355791176 2.411638429511193 5455.0 2702.0 1787.0 966.0 0.672410632447296 0.06817108950930571
9 259.6666666666667 0.2582443614235283 0.7378886686790875 38.57534812457132 2.574559067856834 6029.0 3322.0 1728.0 979.0 0.7133853043622491 0.06674104559064027
10 250.3 0.29044916860605435 0.7055515931995398 39.88276746889177 2.66453313764719 6696.0 3731.0 1768.0 1197.0 0.7359617682198327 0.06680913353682148
11 237.45454545454547 0.3250397000989922 0.6707446480004988 41.99515343972232 2.7484177449095117 7188.0 4208.0 1754.0 1226.0 0.7559821925431275 0.0654460698388553
12 226.91666666666666 0.3694518879518052 0.6261311690952793 44.04958794107184 2.8490903446888893 7775.0 4690.0 1710.0 1375.0 0.780064308681672 0.06467915996173025
13 218.0 0.40405270000525256 0.5913467487489571 45.8578279634005 2.9327970309966074 8316.0 5247.0 1681.0 1388.0 0.7978595478595478 0.06395411996698352
14 212.35714285714286 0.42977364679750113 0.565509735829636 47.01739518630046 3.0048532396563905 8962.0 5771.0 1684.0 1507.0 0.8120955143941084 0.06390939412423935
15 208.93333333333334 0.46222804288775843 0.5329816442790845 47.75407824312895 3.0574149073961867 9612.0 6377.0 1671.0 1564.0 0.8261548064918851 0.06402416337783882
16 201.125 0.5024251943975618 0.49259632980888496 49.55258077956617 3.1403744157342177 10148.0 6927.0 1588.0 1633.0 0.8435159637366969 0.0633745884942728
17 194.94117647058823 0.538869025495502 0.4562989923423209 51.120788154813134 3.2248040785545866 10739.0 7642.0 1513.0 1584.0 0.8591116491293417 0.06308204929839221
18 191.5 0.5696342917936291 0.42513718235194564 52.09221798515126 3.2743823323156414 11324.0 8130.0 1468.0 1726.0 0.8703638290356764 0.06285741822797783
19 187.52631578947367 0.5954254829052649 0.39923313907664715 53.238910475596626 3.3146847467496587 11852.0 8700.0 1426.0 1726.0 0.8796827539655754 0.06226056688874252
20 185.05 0.6144981744643758 0.38009194384978345 53.88593798688576 3.3663791932098426 12496.0 9291.0 1411.0 1794.0 0.8870838668373879 0.06247231316691786
21 182.33333333333334 0.6332527548988494 0.36149882414888257 54.74437985483168 3.3965489475643085 13068.0 9947.0 1389.0 1732.0 0.8937098255280074 0.06204379256046195
22 178.27272727272728 0.6474950255600667 0.3468894644154901 55.918286714659196 3.440036926497028 13526.0 10295.0 1364.0 1867.0 0.8991571787668194 0.06151899724773236
23 178.34782608695653 0.676883436808782 0.3175014905721144 55.986857864638935 3.46256947052084 14278.0 11142.0 1306.0 1830.0 0.9085306065275248 0.061846111794528556
24 176.04166666666666 0.7081507668356258 0.2861640690126815 56.63441904292986 3.508606400264142 14874.0 11872.0 1211.0 1791.0 0.9185827618663439 0.06195183882092192
25 171.52 0.7122534115347147 0.28190936136266814 58.10863096675592 3.5383626770594616 15256.0 12189.0 1214.0 1853.0 0.9204247509176717 0.060892205137026326
26 170.69230769230768 0.7471812586520449 0.24695186467324554 58.47788434654332 3.581059859533696 15959.0 13175.0 1099.0 1685.0 0.931136036092487 0.061237849138182365
27 169.5185185185185 0.7498899159233426 0.2442015556263579 58.891858531233034 3.5886760919125 16502.0 13521.0 1123.0 1858.0 0.9319476427099745 0.06093670978322516
28 168.71428571428572 0.7661360098494345 0.22793038466895 59.08436229577909 3.616392506337739 17170.0 14219.0 1079.0 1872.0 0.9371578334304018 0.06120726983958816
29 167.20689655172413 0.7824049105958555 0.2116092641380345 59.63298642449657 3.651262104894511 17778.0 14907.0 1028.0 1843.0 0.942175722803465 0.06122889903421997
30 165.76666666666668 0.7962796828426603 0.19787899819638013 60.18459269861796 3.6675144270434887 18322.0 15463.0 987.0 1872.0 0.9461303351162537 0.060937762683034774
31 164.6451612903226 0.8107462962077576 0.18317475231934532 60.58033970532948 3.692823883129311 18952.0 16289.0 937.0 1726.0 0.9505593077247784 0.060957464106204735
32 163.65625 0.815753324649697 0.17812808955434464 60.96996715055986 3.7038260664557656 19483.0 16656.0 937.0 1890.0 0.9519067905353386 0.06074836906684728
33 162.84848484848484 0.8258522505343766 0.1679988057485509 61.27501004107386 3.719250288826457 20068.0 17332.0 909.0 1827.0 0.9547040063783138 0.06069766918574749
34 161.64705882352942 0.8388667566185171 0.15512977839920497 61.751461555785 3.742044336545347 20648.0 18007.0 856.0 1785.0 0.9585432003099574 0.060598473983726864
35 160.65714285714284 0.8509185681770043 0.14303263981305323 62.05947365643842 3.7588028604406785 21235.0 18716.0 807.0 1712.0 0.9619967035554509 0.0605677528180376
36 160.19444444444446 0.8641169030871337 0.1296365839726875 62.23595852265516 3.77427015782448 21867.0 19419.0 749.0 1699.0 0.9657474733616865 0.060644525245812174
37 159.27027027027026 0.8655049361238607 0.1282107245474061 62.596738161861204 3.787130717198976 22422.0 20012.0 759.0 1651.0 0.9661493176344661 0.060500448240710256
38 159.44736842105263 0.8778974443659928 0.11582442331201452 62.536052205259324 3.8099265677313063 23198.0 20875.0 704.0 1619.0 0.9696525562548496 0.060923682154194074
39 157.92307692307693 0.8745349144730278 0.11912814248684515 63.18008122477411 3.7970351610760145 23524.0 21123.0 737.0 1664.0 0.9686702941676586 0.0600986115792951
40 157.1 0.8908447236424524 0.10294049844659461 63.477556334353324 3.832275799488701 24191.0 21973.0 650.0 1568.0 0.9731305030796578 0.06037213813498232
41 157.78048780487805 0.8870300249202242 0.10662874121358337 63.17316184290304 3.8233027800440067 24870.0 22494.0 692.0 1684.0 0.9721753116204263 0.06052099765960221
42 157.85714285714286 0.895901430871547 0.09791166343119304 63.18806119419671 3.8354216298946358 25571.0 23350.0 651.0 1570.0 0.9745414727621133 0.060698517368766594
43 156.6046511627907 0.8988211965510767 0.09478753591082628 63.64464989681743 3.8376902498547705 25992.0 23803.0 641.0 1548.0 0.975338565712527 0.06029870941354138
44 155.97727272727272 0.9049270957652493 0.08880174711046797 63.93103789286625 3.844971293697988 26538.0 24355.0 612.0 1571.0 0.9769387293692064 0.06014248196848106
45 156.35555555555555 0.9108429648459386 0.08275677993913638 63.803605693154175 3.85698646254204 27284.0 25230.0 584.0 1470.0 0.9785955138542736 0.06045091685086187
46 156.82608695652175 0.9129258050221933 0.08069270918584935 63.63413808960998 3.85772452384752 28001.0 25859.0 584.0 1558.0 0.9791436020142138 0.060623505553183556
47 155.5744680851064 0.9192813443423397 0.07441723220364438 64.0700371903033 3.872794643688946 28504.0 26591.0 546.0 1367.0 0.980844793713163 0.06044626807669585
48 155.0 0.9183189297129326 0.07522443267607759 64.31338451074663 3.867289176009516 28961.0 26924.0 562.0 1475.0 0.9805945927281516 0.06013194928908305
49 153.9795918367347 0.9252640934140812 0.06823809599854266 64.73470630925617 3.8777414939915253 29437.0 27503.0 517.0 1417.0 0.9824370689948024 0.05990204814503131
50 154.8 0.931211134033688 0.06258572903137341 64.43532802909907 3.887692452844662 30253.0 28380.0 486.0 1387.0 0.9839354774733085 0.06033479725732095
