2 0.101316 0.499947 0.55631 4.99086 0.111466 0.101316 0.499947 0.55631 2.74543 0.202631 0.101316 0.499947 0.55631 5.49086 0.101316
3 0.185071 0.499413 0.61283 5.80058 0.10565 0.185071 0.499413 0.61283 3.15029 0.194531 0.185071 0.499413 0.61283 6.30058 0.0972657
4 0.255119 0.497882 0.668405 6.64783 0.100545 0.255119 0.497882 0.668405 3.57391 0.187023 0.255119 0.497882 0.668405 7.14783 0.0935116
5 0.314819 0.495088 0.722566 7.51171 0.096192 0.314819 0.495088 0.722566 4.00586 0.180377 0.314819 0.495088 0.722566 8.01171 0.0901887
6 0.366647 0.490964 0.775183 8.37977 0.0925065 0.366647 0.490964 0.775183 4.43988 0.174595 0.366647 0.490964 0.775183 8.87977 0.0872976
7 0.41235 0.485545 0.826247 9.24441 0.0893781 0.41235 0.485545 0.826247 4.8722 0.169584 0.41235 0.485545 0.826247 9.74441 0.0847919
8 0.453163 0.478914 0.87579 10.1007 0.0867057 0.453163 0.478914 0.87579 5.30036 0.165232 0.453163 0.478914 0.87579 10.6007 0.0826161
9 0.489979 0.471181 0.923845 10.9453 0.0844058 0.489979 0.471181 0.923845 5.72264 0.161437 0.489979 0.471181 0.923845 11.4453 0.0807184
10 0.523454 0.462461 0.970444 11.7756 0.0824114 0.523454 0.462461 0.970444 6.1378 0.158109 0.523454 0.462461 0.970444 12.2756 0.0790547
11 0.554089 0.452871 1.01561 12.5897 0.0806698 0.554089 0.452871 1.01561 6.54486 0.155177 0.554089 0.452871 1.01561 13.0897 0.0775883
12 0.582269 0.442527 1.05936 13.3861 0.0791388 0.582269 0.442527 1.05936 6.94305 0.152578 0.582269 0.442527 1.05936 13.8861 0.0762892
13 0.6083 0.431539 1.10171 14.1635 0.077785 0.6083 0.431539 1.10171 7.33176 0.150265 0.6083 0.431539 1.10171 14.6635 0.0751326
14 0.632428 0.420014 1.14267 14.921 0.0765814 0.632428 0.420014 1.14267 7.71049 0.148197 0.632428 0.420014 1.14267 15.421 0.0740984
15 0.654854 0.408051 1.18226 15.6577 0.0755064 0.654854 0.408051 1.18226 8.07885 0.14634 0.654854 0.408051 1.18226 16.1577 0.0731698
16 0.675749 0.395742 1.22048 16.3731 0.0745419 0.675749 0.395742 1.22048 8.43653 0.144666 0.675749 0.395742 1.22048 16.8731 0.072333
17 0.695253 0.383174 1.25735 17.0666 0.0736732 0.695253 0.383174 1.25735 8.78328 0.143152 0.695253 0.383174 1.25735 17.5666 0.0715762
18 0.713488 0.370426 1.29288 17.7379 0.072888 0.713488 0.370426 1.29288 9.11896 0.14178 0.713488 0.370426 1.29288 18.2379 0.070889
19 0.73056 0.357573 1.3271 18.3869 0.0721761 0.73056 0.357573 1.3271 9.44345 0.140531 0.73056 0.357573 1.3271 18.8869 0.0702654
20 0.746561 0.344678 1.36001 19.0134 0.0715288 0.746561 0.344678 1.36001 9.75671 0.139392 0.746561 0.344678 1.36001 19.5134 0.069696
