1 0. 1 1.00342 1.18431
2 0.11083 0.999849 1.12447 1.16017
3 0.198392 0.998451 1.24556 1.14258
4 0.269644 0.994714 1.36196 1.13152
5 0.329407 0.988226 1.47366 1.12629
6 0.380797 0.978973 1.58102 1.12607
7 0.425843 0.967115 1.68441 1.13011
8 0.465912 0.952879 1.78412 1.13779
9 0.501958 0.936515 1.88039 1.14857
10 0.53467 0.918277 1.97339 1.162
11 0.564563 0.89841 2.06324 1.17766
12 0.592031 0.877149 2.15004 1.19523
13 0.617383 0.854715 2.23387 1.21439
14 0.640868 0.831316 2.31479 1.23486
15 0.662687 0.807143 2.39286 1.2564
16 0.683009 0.782376 2.46814 1.2788
17 0.701975 0.757179 2.54066 1.30184
18 0.719706 0.731701 2.61047 1.32536
19 0.736305 0.706079 2.67763 1.34919
20 0.751863 0.680438 2.74219 1.3732
