1 0. 1 1.00115 1.18431
2 0.0961101 0.999915 1.10624 1.16335
3 0.176719 0.999025 1.21347 1.14676
4 0.244557 0.996423 1.31899 1.13527
5 0.302196 0.99166 1.42112 1.12878
6 0.351708 0.984699 1.51891 1.12674
7 0.394684 0.975734 1.61194 1.12844
8 0.432343 0.965061 1.70008 1.13316
9 0.465627 0.952994 1.78339 1.14031
10 0.495276 0.939829 1.86206 1.14936
11 0.521874 0.925824 1.93636 1.15987
12 0.545892 0.911197 2.00657 1.17151
13 0.567709 0.896127 2.07297 1.18399
14 0.587633 0.880759 2.13586 1.1971
15 0.605919 0.86521 2.19551 1.21066
16 0.622777 0.849571 2.25217 1.22454
17 0.638383 0.833917 2.30608 1.23862
18 0.652883 0.818305 2.35744 1.25282
19 0.666403 0.802781 2.40644 1.26706
20 0.679048 0.78738 2.45327 1.2813
