1 0. 1 0.00000000336968 0.666667
2 0.472699 0.950073 0.00000000536968 0.792171
3 0.698831 0.7615 0.00000000753546 0.848571
4 0.827198 0.531793 0.00000000917158 0.874163
5 0.901555 0.339352 0.0000000102733 0.886839
6 0.944228 0.20511 0.0000000109602 0.893449
7 0.968503 0.120158 0.0000000113695 0.897006
8 0.982243 0.0691584 0.0000000116072 0.898955
9 0.989998 0.0394104 0.0000000117433 0.900036
10 0.99437 0.0223324 0.0000000118206 0.900639
11 0.996831 0.0126147 0.0000000118644 0.900976
12 0.998217 0.00711273 0.0000000118891 0.901165
13 0.998997 0.00400635 0.000000011903 0.901272
14 0.999436 0.00225532 0.0000000119108 0.901332
15 0.999683 0.00126918 0.0000000119153 0.901365
16 0.999821 0.00071409 0.0000000119177 0.901384
17 0.9999 0.000401733 0.0000000119191 0.901395
18 0.999943 0.000225994 0.0000000119199 0.901401
19 0.999968 0.000127127 0.0000000119204 0.901404
20 0.999982 0.000071511 0.0000000119206 0.901406
