1 0. 1 1 8. 12
2 0.115428 0.999822 1.13029 9.79216 11.5428
3 0.203678 0.998279 1.25361 11.6473 10.7631
4 0.274398 0.994331 1.37035 13.5143 10.14
5 0.333304 0.987659 1.48142 15.3694 09.6388
6 0.383801 0.978302 1.58764 17.2016 09.22962
7 0.428012 0.96644 1.68962 19.0051 08.89033
8 0.467328 0.952303 1.78779 20.7763 08.60491
9 0.502705 0.936136 1.88246 22.5127 08.36176
10 0.534828 0.91818 1.97385 24.2121 08.15233
11 0.564204 0.898668 2.06213 25.8729 07.97024
12 0.59122 0.877821 2.14742 27.4935 07.81062
13 0.616177 0.855847 2.2298 29.0728 07.66971
14 0.639318 0.832941 2.30935 30.6096 07.54453
15 0.660839 0.809285 2.38614 32.1032 07.43272
16 0.680904 0.785047 2.46022 33.5529 07.33236
17 0.699649 0.760381 2.53164 34.9582 07.24191
18 0.717192 0.73543 2.60045 36.3189 07.16007
19 0.733633 0.710323 2.6667 37.6347 07.08576
20 0.749059 0.685178 2.73044 38.9057 07.01809
