1 50137.0 0.0 1.0 27.923736496930992 27.92328972109678 27.92328972109678 0.7959630612123305 3.9798153060618033 5.571741428485028 0.028504890858707686 0.028505346940226724 0.028505346940226724 0.028504890858707683 0.14252445429354385 0.14252673470113902 0.5729983880771605 0.14252445429354385 0.19953423601090778 0.19953742858154103 12471.0 0.0 12471.0 0.0 0.0
2 43871.0 0.0032211267247732067 0.9967788732752267 31.91184814136709 31.91184814136709 31.911304490242856 1.0473497109484307 3.949998600251978 5.529998040351664 0.03282008946359829 0.03282008946359829 0.03282064859707213 0.03281935432958914 0.12377843435308981 0.12377843435308981 0.4997746794487829 0.12377686285705576 0.17328980809429112 0.17328980809429112 28718.0 1820.0 21662.0 5236.0 0.2456995612507835
3 38379.0 0.02632285410676628 0.9736771458932338 36.478295131526494 36.47810038786654 36.477402781700015 1.312402157961321 3.8913845451500193 5.447938363209399 0.03597761773759741 0.03597780980935773 0.03597849786113958 0.03597635896505206 0.10667671093506989 0.10667728044425208 0.42708178615466924 0.10667422051920736 0.14934739530908062 0.1493481926219357 47220.0 5015.0 28003.0 14202.0 0.4069673867005506
4 34463.5 0.07031931360210535 0.9296806863978946 40.621539330717546 40.62105187764667 40.620924841633915 1.5415785262185266 3.7128689222095064 5.19801649109324 0.03794978111656154 0.0379502365143538 0.03795035519817867 0.03794855472613753 0.09140148264647069 0.09140257946527126 0.36618789553310416 0.09139995977178998 0.12796207570505727 0.12796361125137806 66413.0 9204.0 31990.0 25219.0 0.5183171969343352
5 31847.4 0.12420302860811025 0.8757969713918896 43.96373658500538 43.9635944575348 43.95707648809435 1.7174351690980063 3.4808956682072596 4.873253935490219 0.039064813469102816 0.03906493975957554 0.039070732321408334 0.039060015950532156 0.07917651998202721 0.07917677594741523 0.3187826093499541 0.07917694352594505 0.11084712797483937 0.1108474863263826 85452.0 14028.0 34641.0 36783.0 0.5946145204325235
6 29693.0 0.18216048740865673 0.8178395125913434 47.148865751432155 47.148739386236734 47.146786968481265 1.8936013380441103 3.282748210086213 4.59584749412068 0.04016218222570055 0.040162289865948664 0.040163953045411704 0.04015883631521471 0.06962517884083985 0.06962536544602686 0.27754663770002846 0.06962282103424904 0.09747525037717542 0.09747551162443722 105423.0 19498.0 36553.0 49372.0 0.6532730049419956
7 28278.714285714286 0.23230373387250572 0.7676962661274942 49.507682320480754 49.50734227480223 49.50577086506706 2.0176808987365282 3.072256657485809 4.30115932048005 0.040754905181692114 0.040755185110461244 0.040756478759535315 0.040753556782386915 0.06205616004397063 0.06205658628234415 0.24811532157571764 0.06205702732590534 0.08687862406155722 0.08687922079528015 124812.0 25334.0 38010.0 61468.0 0.6954619748101144
8 27104.5 0.2839111572499844 0.7160888427500156 51.65492669700528 51.6545165522985 51.649842018592715 2.1309745168368326 2.8768496609799135 4.027589525371736 0.04125404202655421 0.04125436958991362 0.04125810328848117 0.041251382627729094 0.05569361617440259 0.055694058390173835 0.22182878080974286 0.05569422368487611 0.07797106264416087 0.07797168174624061 144388.0 31261.0 38986.0 74141.0 0.7299914120287004
9 26296.222222222223 0.3309478764265047 0.6690521235734954 53.2442014032074 53.244009778413734 53.235878852090714 2.2231696071895843 2.685709891931027 3.759993848703243 0.04175421076097992 0.04175436103407271 0.041760738342770394 0.04174904127152792 0.05044135926826468 0.05044154080634009 0.20108307044048207 0.050436779376218994 0.0706179029755669 0.07061815712887247 164402.0 37787.0 39720.0 86895.0 0.7583970997919733
10 25612.2 0.37260658859458806 0.6273934114054118 54.66046466970898 54.66020263090183 54.65843343886482 2.297625881162695 2.5146477834101617 3.5205068967739868 0.04203451059273492 0.04203471210448359 0.04203607269009233 0.04203220689978532 0.04600487388106118 0.046005094426571344 0.18365499980372418 0.04600340485224936 0.06440682343348125 0.06440713219719549 183899.0 45143.0 40254.0 98502.0 0.7811081082550748
11 25036.090909090908 0.41260482295340584 0.5873951770465943 55.92395633625749 55.923633874725034 55.91582847816713 2.3617795478430392 2.352406062763114 3.2933684878681277 0.04223198254505133 0.04223222605908765 0.04223812133562894 0.04222628165254623 0.04206437127979026 0.04206461382736246 0.16807982799387788 0.04206337257730668 0.058890119791702215 0.058890459358303296 203229.0 52392.0 40486.0 110351.0 0.8007863051040944
12 24529.166666666668 0.4454000542826178 0.5545999457173821 57.0757059851218 57.07540239859132 57.07260731820923 2.4225537507377517 2.2141194180319004 3.099767185244503 0.04244456917220175 0.042444794936698386 0.042446873632928046 0.04244247042492855 0.03879267684589071 0.038792883185814336 0.15547912647486423 0.03879047092102945 0.054309747584244235 0.0543100364601373 222828.0 59692.0 40731.0 122405.0 0.8172087888416177
13 24094.46153846154 0.4802086868228464 0.5197913131771534 58.10560201221942 58.105317286777925 58.101691564176484 2.490152486952291 2.0882427294049646 2.9235398211668597 0.04285563526953253 0.04285584526906858 0.042858519604403976 0.04285215602731677 0.035938750431771 0.03593892653745394 0.14313973977243416 0.035938408071423095 0.05031425060447784 0.05031449715243396 243738.0 67448.0 40881.0 135409.0 0.8322748196834305
14 23720.0 0.5088461246005672 0.4911538753994327 59.02274808008864 59.022478266485976 59.01783753877795 2.534231224294996 1.9693011774525435 2.757021648433533 0.04293651696556502 0.04293671324428236 0.042940089470914065 0.04293302083102703 0.03336512177949384 0.03336527430381974 0.13315401468628 0.033361601264852256 0.0467111704912909 0.046711384025347163 262990.0 76429.0 40868.0 145693.0 0.8446024563671622
15 23443.866666666665 0.5360542722230975 0.46394572777690246 59.71831295402255 59.71805726928224 59.713647195125105 2.5673565015041144 1.8521948467192388 2.593072785406959 0.04299110900002711 0.042991293067812346 0.0429944681341405 0.0429878615653444 0.031015525307040298 0.031015658100987324 0.12431214626991413 0.031014077815568284 0.04342173542985682 0.04342192134138266 282127.0 85438.0 40707.0 155982.0 0.8557139160732578
16 23184.125 0.5605178677992212 0.43948213220077886 60.390464523494686 60.3902218590314 60.38270712591362 2.6055159390833826 1.7566474447182219 2.45930642260554 0.04314449242346391 0.043144665789859586 0.043150035218696065 0.043139845467959896 0.029088159175109582 0.02908827605930568 0.11645244888655808 0.029086420699796167 0.04072342284515391 0.04072358648302844 301996.0 94517.0 40722.0 166757.0 0.865157154399396
17 22906.235294117647 0.585887131513157 0.4141128684868429 61.11943581102466 61.11914808642816 61.11490846501399 2.649379105835312 1.660016100511658 2.324022540716351 0.04334757136873668 0.043347775431831014 0.04335078252390712 0.0433439234906294 0.027160199999951996 0.02716032785935172 0.1084155415136147 0.02715759912105785 0.03802427999993328 0.03802445900309289 322392.0 104747.0 40398.0 177247.0 0.8746929204198616
18 22732.777777777777 0.6054946019261327 0.39450539807386725 61.585948898620195 61.58562078069976 61.58208254628505 2.6704345384071435 1.5748031225056967 2.2047243715080054 0.04336110080569001 0.043361331826406266 0.0433638231769776 0.043358704962594315 0.025570818517354682 0.025570954754412772 0.10249874814541578 0.025571413711647874 0.035799145924297046 0.03579933665617837 341468.0 113338.0 40276.0 187854.0 0.8820504410369346
19 22505.842105263157 0.6268529216698733 0.3731470783301266 62.20510200931687 62.204735609147896 62.202817909196284 2.7067601827432908 1.4920510416858157 2.0888714583601726 0.04351347550781094 0.043513731812168194 0.04351507333147866 0.0435118193731365 0.02398599139765644 0.02398613268065065 0.09598203833783787 0.0239861653166577 0.03358038795671951 0.0335805857529114 361711.0 124757.0 39878.0 197076.0 0.8897517631479275
20 22379.3 0.6436505071983816 0.35634949280161854 62.55867756441154 62.55842727256454 62.55370726889864 2.718942814509762 1.4194795732003587 1.9872714024805327 0.04346228085960241 0.04346245474911698 0.0434657342181477 0.043458256014831276 0.022690370520362053 0.02269046130293115 0.09114714592880248 0.022690270207711364 0.031766518728507366 0.0317666458241041 380285.0 133873.0 39709.0 206703.0 0.8955809458695452
21 22100.666666666668 0.6645083896002207 0.3354916103997794 63.348469623157364 63.34813116291913 63.34256405618852 2.770823190713011 1.3468082043487482 1.8855314860882781 0.04373938640026945 0.04373962009371658 0.04374346431974447 0.04373582764358626 0.021260311612270037 0.02126042520315269 0.0847434240526617 0.021260403743990394 0.029764436257178537 0.02976459528441425 401854.0 148198.0 39066.0 214590.0 0.9027855887959308
22 21968.772727272728 0.6791329192438712 0.3208670807561289 63.7284721060993 63.728240831900266 63.7227999704638 2.7891284447482763 1.286875999234487 1.8016263989283121 0.04376581381246288 0.04376597264163191 0.04376970952376649 0.04376173426804671 0.020193109244671867 0.020193182526863647 0.0805657205031428 0.020192193042837894 0.02827035294254109 0.028270455537609585 421242.0 158207.0 38870.0 224165.0 0.9077252505685568
23 21886.08695652174 0.6957666827943522 0.3042333172056479 63.96751864113458 63.967340704408805 63.9639947314282 2.8060367661877748 1.2169109306556822 1.7036753029179859 0.04386658769632719 0.04386670971917354 0.043869004398017226 0.043863903096235085 0.019023888318737168 0.019023941237122734 0.07610114245880026 0.0190230851139516 0.026633443646232515 0.026633517731972308 441409.0 171279.0 38285.0 231845.0 0.9132663810660862
24 21771.666666666668 0.7080596285684586 0.29194037143154145 64.30514658143106 64.3047180173532 64.3006809686985 2.81515688634531 1.164714278145175 1.6305999894032759 0.04377809609345052 0.04377838785616967 0.0437811364348649 0.04377534343691168 0.018112302670366686 0.018112423381296323 0.07264380209563447 0.0181113933482954 0.025357223738513845 0.025357392733815334 459668.0 181676.0 38035.0 239957.0 0.9172554974459828
25 21549.48 0.7237520692021482 0.2762479307978517 64.96763567665313 64.96726186499271 64.96213323982636 2.8560421827824913 1.1086354083455086 1.552089571683744 0.04396099924271745 0.04396125218756458 0.04396472283689626 0.0439563846776412 0.017064425952996617 0.017064524139086296 0.06803912790930143 0.017064227059828033 0.023890196334195757 0.02389033379472131 480804.0 197371.0 37329.0 246104.0 0.9223612948311578
26 21527.96153846154 0.7356991297911013 0.2643008702088987 65.03206413988177 65.031944357844 65.02699938235264 2.8568748951652823 1.0559288423982496 1.478300379357581 0.04393025091469096 0.04393033182961709 0.043933672509892795 0.04392571415168525 0.016237049467274826 0.0162370793742212 0.06503166320926715 0.016236043906502903 0.022731869254185244 0.022731911123910167 499692.0 208380.0 36938.0 254374.0 0.9260784643340297
27 21445.59259259259 0.7477949234877832 0.25220507651221685 65.28294929025631 65.28271667943439 65.2772542952678 2.8706743443432137 1.0060077991055458 1.408410918747796 0.04397280416330196 0.0439729608441302 0.043976640490396984 0.04396893005054368 0.01540996247937125 0.015410017387074555 0.061817569806823264 0.015409523400746507 0.02157394747112024 0.021574024341904866 519422.0 222762.0 36406.0 260254.0 0.9299105544239559
28 21368.75 0.7602931780562382 0.23970682194376175 65.51989398521285 65.51959330766721 65.51315218406857 2.8895330116283637 0.9573010044755162 1.3402214062657543 0.04410161305023633 0.04410181543801228 0.04410615144131375 0.044098268558369104 0.014610844832739946 0.014610911883720306 0.05854258302705903 0.014610606560811543 0.020455182765836407 0.020455276637208912 540232.0 238215.0 35796.0 266221.0 0.9337395785514372
29 21180.068965517243 0.7710414632137904 0.22895853678620945 66.10192862985319 66.10170921927703 66.09484474202405 2.919735383707472 0.9185595771638714 1.2859834080294519 0.044170199633008146 0.04417034624659901 0.044174933689662826 0.04416556661648734 0.013896108573585978 0.01389615469876526 0.05542545115096018 0.01389476906228469 0.019454552003020854 0.019454616578271848 560402.0 253605.0 35258.0 271539.0 0.9370844500911846
30 21204.833333333332 0.781436893248999 0.21856310675100118 66.02542521373708 66.02514272096224 66.01949360077587 2.9129999367249555 0.8713022753245429 1.219823185454392 0.044119366551521794 0.04411955531903925 0.04412333051719623 0.044116310399237434 0.013196465944807908 0.013196522406727251 0.05296935067637237 0.013196561719401033 0.018475052322731556 0.018475131369418633 579065.0 268364.0 34641.0 276060.0 0.9401777002581748
31 21091.709677419356 0.7906252931002337 0.20937470689976626 66.37786109192568 66.37758621005115 66.37195291143415 2.9325011257232294 0.8368640173815249 1.1716096243341665 0.04417890359049162 0.04417908654351126 0.04418283622957908 0.04417480814068254 0.01260757734001951 0.012607629550331609 0.05047305621497154 0.01260755414010693 0.01765060827602779 0.01765068137046473 599167.0 282244.0 34199.0 282724.0 0.9429224239652718
32 20999.71875 0.7996716098082207 0.20032839019177942 66.66725821576311 66.6669588595209 66.66299859349395 2.947870813466194 0.8012304106574802 1.1217225749205049 0.04421766984815323 0.044217868399815265 0.04422049526217824 0.04421378224491154 0.012018349518205232 0.012018403484487942 0.04808145914068275 0.012017141914179331 0.01682568932548781 0.016825764878283606 619045.0 297826.0 33649.0 287570.0 0.9456436931079324
33 20934.333333333332 0.8094625795525658 0.19053742044743388 66.87710622985315 66.87684702986365 66.87154882551408 2.9597998718257785 0.7620270415490541 1.0668378581687077 0.04425729578748667 0.0442574673190572 0.044260973819354704 0.04425368848597415 0.011394438014856782 0.011394482177199131 0.045588875698296734 0.011395318031895025 0.015952213220799975 0.015952275048079265 638960.0 315529.0 32904.0 290527.0 0.9485038187053962
34 20911.176470588234 0.8172339276378989 0.18276607236210113 66.95023935256813 66.9500499451966 66.94561303790427 2.9618500281832256 0.7288135520153309 1.0203389728214944 0.04423957340295323 0.044239698560459804 0.0442426306038342 0.04423608017177296 0.010885899125428214 0.010885929922560432 0.043681087155597764 0.010885373065252819 0.015240258775599964 0.015240301891585067 658068.0 331855.0 32384.0 293829.0 0.9507892801351836
35 20844.6 0.825803849690243 0.17419615030975702 67.16522235933581 67.16497678433296 67.15894180673445 2.9734655134972594 0.6944371828840323 0.972212056037672 0.044270909989535 0.04427107185706429 0.0442750501050791 0.04426690557880296 0.010339237457873273 0.010339275261180737 0.041500630146567144 0.01033828558731978 0.014474932441022981 0.014474985365653432 677889.0 349723.0 31662.0 296504.0 0.9532932382735226
36 20730.88888888889 0.8346003214606286 0.16539967853937126 67.5328266122037 67.53240559012173 67.5275565785932 2.9996206837459507 0.6628895939435441 0.9280454315209834 0.04441722395200168 0.044417500865461826 0.04442069039259234 0.044413644167695096 0.009815812949013373 0.009815874144434564 0.03918985064341673 0.00981587155146837 0.013742138128619043 0.013742223802208712 699569.0 370920.0 30920.0 297729.0 0.9558013576930939
37 20712.027027027027 0.8407179757717075 0.15928202422829255 67.5950617985479 67.594827327866 67.58980605430632 2.9978302731464437 0.6361215716602682 0.8905702003243935 0.044349841443755346 0.04434999528300572 0.04435329006178505 0.04434643634069074 0.009410769880736072 0.009410802524500668 0.037705573316855354 0.009410655561348973 0.013175077833030768 0.013175123534301203 717906.0 385436.0 30467.0 302003.0 0.9575612963257029
38 20638.842105263157 0.848806395627443 0.151193604372557 67.83425520590421 67.8340272276468 67.8297088472113 3.0193440644009066 0.606453194179443 0.8490344718512329 0.044510609797896124 0.044510759390241926 0.0445135931690652 0.04450736186107468 0.00894022042902386 0.008940250475535289 0.03566427913482588 0.008940149058243384 0.012516308600633592 0.012516350665749592 739982.0 405966.0 29727.0 304289.0 0.9598274012070563
39 20599.17948717949 0.8555596716928062 0.14444032830719394 67.963713748423 67.96351858443907 67.95834085490644 3.0223561160602808 0.5781657116503645 0.809431996310519 0.04447014368943913 0.04447027138986708 0.04447365956907515 0.04446563245979782 0.008506976440259342 0.008507000868885875 0.03400679333607143 0.008505785907235778 0.011909767016363208 0.011909801216440353 758763.0 425369.0 29026.0 304368.0 0.961745630717365
40 20539.575 0.8613681566372116 0.1386318433627883 68.1597543356621 68.15953682535346 68.15613461345386 3.0320813571295604 0.5551045303750188 0.7771463425250318 0.04448492202888024 0.04448506398889892 0.04448728459038865 0.04448095698604131 0.008144168590181973 0.008144194579804354 0.032544531851528495 0.008144568784109641 0.01140183602625484 0.011401872411726174 778483.0 443288.0 28506.0 306689.0 0.9633826300638549
41 20536.024390243903 0.8679408634603556 0.13205913653964454 68.1740314788506 68.1737929934191 68.16931511518644 3.0318875212240077 0.5275154027059694 0.7385215637883589 0.04447276265544865 0.044472918229981416 0.04447583954893774 0.04446989617309249 0.007737776265580226 0.007737803333854274 0.0309955612883017 0.007737976791196777 0.010832886771812341 0.010832924667396007 797730.0 463873.0 27760.0 306097.0 0.9652012585711958
42 20479.809523809523 0.8729238618528763 0.12707613814712376 68.35886148002464 68.35854862849847 68.35454304215688 3.042916055908426 0.508347076760671 0.7116859074649398 0.044513849265871784 0.04451405298912159 0.04451666151921669 0.0445097682256941 0.007436447385964974 0.007436481419805081 0.029745180347413285 0.007435918286857825 0.01041102634035097 0.01041107398772712 817934.0 481145.0 27328.0 309461.0 0.9665889912878056
43 20463.441860465115 0.8793831463377167 0.12061685366228328 68.41553930138483 68.41538601570309 68.41053254403482 3.0461911801529356 0.48169399931952295 0.6743715990473317 0.044524843496940414 0.04452494325550916 0.04452810213386584 0.04452128914773387 0.007040710403488302 0.007040726178303835 0.028210124769227678 0.007040529477536699 0.009856994564883616 0.009857016649625364 837620.0 504061.0 26490.0 307069.0 0.9683746806427735
44 20359.363636363636 0.8852108437815349 0.11478915621846517 68.76678673086546 68.7664606950753 68.75953539270455 3.068680438470461 0.46070573225337813 0.6449880251547279 0.044624455850764744 0.04462466742439493 0.04462916191833447 0.04461981140369394 0.006699538456790999 0.006699570220666766 0.026710862559003134 0.006698956121745667 0.009379353839507377 0.00937939830893345 858993.0 527507.0 25791.0 305695.0 0.9699753082970408
45 20328.222222222223 0.889846418956713 0.11015358104328718 68.87227594242805 68.87193320239219 68.8657062106128 3.066915215104379 0.44092914919876275 0.6173008088782656 0.044530475770367825 0.04453069737554358 0.04453472394118483 0.04452660908786712 0.0064021283334290535 0.006402160193514759 0.025592670048317678 0.006402282912831008 0.008962979666800642 0.00896302427092063 876680.0 546200.0 25210.0 305270.0 0.9712437833645116
46 20356.91304347826 0.8944918654894155 0.10550813451058448 68.7749667994952 68.77463217781268 68.76915231468534 3.0640497492171836 0.42113322263401226 0.5895865116876139 0.04455181720625233 0.04455203397228308 0.04455558409672107 0.04454895811502622 0.006123350431586152 0.006123380224632792 0.02454778189564595 0.006123476772359265 0.008572690604220565 0.00857273231448586 896606.0 565677.0 24647.0 306282.0 0.972510779539731
47 20273.659574468085 0.899634239949564 0.10036576005043596 69.05607994133598 69.05586769754008 69.05000705300365 3.0813988493622104 0.40209683297028037 0.5629355661583882 0.044621687937975885 0.044621825083112764 0.044625612376793675 0.044617620060858953 0.005822757870297108 0.00582277576659288 0.023256364906296144 0.005822248050232666 0.008151861018415888 0.008151886073229968 917534.0 589253.0 23944.0 304337.0 0.9739039643217581
48 20298.125 0.9036316037381392 0.0963683962618611 68.97223376605847 68.97198196135759 68.96772964340227 3.0762382140015414 0.38466643572795955 0.5385330100191388 0.04460111041836913 0.044601273249260005 0.0446040232135701 0.04459787234746378 0.005577120164509672 0.005577140525604639 0.022356750732003855 0.0055769007085248 0.007807968230313474 0.007807996735846429 936627.0 608530.0 23423.0 304674.0 0.9749921793841092
49 20280.20408163265 0.9084411406213357 0.09155885937866431 69.033822527731 69.03350660883794 69.02921800671476 3.0797574477242367 0.3652336425997451 0.5113270996396384 0.04461229778326549 0.04461250194307751 0.04461527359942939 0.0446090998130698 0.0052906478190894056 0.005290672030746682 0.021222053390726928 0.005291192996185795 0.0074069069467251 0.007406940843045285 956362.0 633085.0 22687.0 300590.0 0.9762778111217301
50 20248.94 0.9127230718346478 0.08727692816535196 69.14205985893824 69.14174815998646 69.13434849532665 3.0846388830018947 0.34825828637471146 0.4875616009245919 0.04461306026021053 0.044613261381016525 0.04461803647734397 0.04460817222155618 0.00503685147774334 0.005036874184449021 0.020198799598726638 0.005036798799114371 0.007051592068840615 0.00705162385822857 975884.0 655625.0 22037.0 298222.0 0.9774184226813842
