1 0. Nan Nan 1.5
2 0.0287512 0.999999 0.00000000306845 1.02873
3 0.0332549 0.999999 0.00000000308274 1.01648
4 0.0361606 0.999998 0.00000000309204 1.0119
5 0.0383596 0.999998 0.00000000309911 1.00945
6 0.0401498 0.999997 0.00000000310489 1.0079
7 0.0416706 0.999997 0.00000000310981 1.00682
8 0.0429989 0.999997 0.00000000311413 1.00603
9 0.0441821 0.999996 0.00000000311798 1.00541
10 0.0452517 0.999996 0.00000000312147 1.00492
11 0.0462296 0.999995 0.00000000312467 1.00452
12 0.0471319 0.999995 0.00000000312763 1.00419
13 0.0479705 0.999995 0.00000000313038 1.00391
14 0.0487547 0.999994 0.00000000313296 1.00366
15 0.049492 0.999994 0.00000000313539 1.00345
16 0.0501882 0.999994 0.00000000313769 1.00327
17 0.050848 0.999993 0.00000000313987 1.0031
18 0.0514756 0.999993 0.00000000314194 1.00295
19 0.0520743 0.999993 0.00000000314393 1.00282
20 0.0526469 0.999992 0.00000000314583 1.0027
